0.640 -198.18879086   6.75839962
0.670 -184.87525623   6.02039189
0.700 -171.56172159   5.28238416
0.730 -158.24818696   4.54437642
0.760 -144.93465233   3.80636869
0.790 -134.07927748   3.40211209
0.820 -124.49363898   3.17025109
0.850 -114.90800047   2.93839010
0.880 -105.32236197   2.70652910
0.910 -98.37413244   2.47007532
0.939 -92.82936421   2.23117756
0.969 -87.28459598   1.99227980
0.999 -81.73982775   1.75338203
1.029 -76.58849953   1.51384204
1.059 -72.30442431   1.27288639
1.089 -68.02034909   1.03193074
1.119 -63.73627387   0.79097509
1.149 -59.85545734   0.61870398
1.179 -56.89194091   0.60267088
1.209 -53.92842448   0.58663777
1.239 -50.96490805   0.57060467
1.269 -48.26400312   0.55561695
1.299 -46.17979427   0.54308415
1.329 -44.09558542   0.53055134
1.359 -42.01137657   0.51801853
1.389 -39.92716772   0.50548572
1.419 -38.15571996   0.49376956
1.449 -36.39796611   0.48208915
1.479 -34.64021226   0.47040875
1.509 -32.88245842   0.45872834
1.538 -31.63109224   0.42667799
1.568 -30.40562530   0.39358583
1.598 -29.18015836   0.36049366
1.628 -27.95469142   0.32740149
1.658 -26.85681781   0.32557416
1.688 -25.84026716   0.34367380
1.718 -24.82371651   0.36177343
1.748 -23.80716586   0.37987307
1.778 -22.90566719   0.39627520
1.808 -22.07959054   0.41156452
1.838 -21.25351389   0.42685385
1.868 -20.42743724   0.44214317
1.898 -19.70131916   0.45517226
1.928 -19.04258932   0.46667759
1.958 -18.38385948   0.47818291
1.988 -17.72512964   0.48968823
2.018 -17.08469219   0.49103589
2.048 -16.49721858   0.46297301
2.078 -15.90974498   0.43491013
2.108 -15.32227137   0.40684725
2.137 -14.76498445   0.38836413
2.167 -14.29825914   0.39862077
2.197 -13.83153382   0.40887742
2.227 -13.36480850   0.41913406
2.257 -12.89808318   0.42939070
2.287 -12.44513829   0.40809530
2.317 -11.99356637   0.38365634
2.347 -11.54199444   0.35921737
2.377 -11.09042252   0.33477840
2.407 -10.71251904   0.32719575
2.437 -10.34255795   0.32143042
2.467  -9.97259686   0.31566510
2.497  -9.60263577   0.30989977
2.527  -9.28848287   0.30467629
2.557  -8.98080976   0.29951573
2.587  -8.67313665   0.29435516
2.617  -8.36546354   0.28919459
2.647  -8.06640400   0.27659586
2.677  -7.77424070   0.25804195
2.707  -7.48207741   0.23948803
2.736  -7.18991412   0.22093412
2.766  -6.93187431   0.21058813
2.796  -6.70190521   0.20699416
2.826  -6.47193611   0.20340019
2.856  -6.24196702   0.19980622
2.886  -6.01379981   0.19854581
2.916  -5.79249144   0.20616803
2.946  -5.57118307   0.21379025
2.976  -5.34987471   0.22141247
3.006  -5.12836496   0.22646985
3.036  -4.90605644   0.22135343
3.066  -4.68374791   0.21623701
3.096  -4.46143939   0.21112059
3.126  -4.24606094   0.20607629
3.156  -4.05935810   0.20133041
3.186  -3.87265525   0.19658453
3.216  -3.68595241   0.19183865
3.246  -3.49924957   0.18709277
3.276  -3.31613126   0.19611533
3.306  -3.13362564   0.20749125
3.335  -2.95112002   0.21886717
3.365  -2.76861440   0.23024309
3.395  -2.59684445   0.24209564
3.425  -2.42700902   0.25403408
3.455  -2.25717358   0.26597252
3.485  -2.08733815   0.27791096
3.515  -1.91263188   0.28834774
3.545  -1.73318390   0.29732267
3.575  -1.55373591   0.30629760
3.605  -1.37428792   0.31527253
3.635  -1.20641727   0.31503044
3.665  -1.05012395   0.30557132
3.695  -0.89383064   0.29611220
3.725  -0.73753733   0.28665308
3.755  -0.52642528   0.32199689
3.785  -0.25900177   0.40336363
3.815   0.00842174   0.48473037
3.845   0.27584525   0.56609710
3.875   0.51748911   0.66389262
3.905   0.61607559   0.85285534
3.934   0.71466207   1.04181806
3.964   0.81324855   1.23078079
3.994   0.89639678   1.43222521
4.024   0.88922267   1.70669454
4.054   0.88204855   1.98116387
4.084   0.87487444   2.25563319
4.114   0.86770033   2.53010252
4.144   0.80959487   2.71298074
4.174   0.73918180   2.87372589
4.204   0.66876873   3.03447103
4.234   0.59835566   3.19521618
4.264   0.54555350   3.29473473
4.294   0.49719090   3.37881856
4.324   0.44882831   3.46290238
4.354   0.40046571   3.54698620
4.384   0.35868188   3.59895239
4.414   0.31862636   3.64248095
4.444   0.27857084   3.68600951
4.474   0.23851532   3.72953806
4.504   0.19462622   3.75717110
4.533   0.14607716   3.76548216
4.563   0.09752811   3.77379321
4.593   0.04897905   3.78210427
4.623   0.00938751   3.78243625
4.653  -0.01901526   3.77280161
4.683  -0.04741802   3.76316698
4.713  -0.07582079   3.75353234
4.743  -0.10309357   3.74387391
4.773  -0.12063413   3.73401052
4.803  -0.13817470   3.72414714
4.833  -0.15571527   3.71428375
4.863  -0.17256102   3.70377236
4.893  -0.18296166   3.68725004
4.923  -0.19336230   3.67072771
4.953  -0.20376294   3.65420539
4.983  -0.21313079   3.63800318
5.013  -0.21213159   3.62501421
5.043  -0.21113239   3.61202524
5.073  -0.21013319   3.59903626
5.103  -0.20913399   3.58604729
5.132  -0.21289082   3.56721124
5.162  -0.21823308   3.54642604
5.192  -0.22357534   3.52564085
5.222  -0.22891760   3.50485566
5.252  -0.22562445   3.49513608
5.282  -0.21934883   3.48923830
5.312  -0.21307322   3.48334052
5.342  -0.20679760   3.47744274
5.372  -0.20462561   3.46517223
5.402  -0.20854078   3.44344865
5.432  -0.21245595   3.42172506
5.462  -0.21637112   3.40000147
5.492  -0.22068567   3.38372929
5.522  -0.22560941   3.37577267
5.552  -0.23053316   3.36781605
5.582  -0.23545690   3.35985944
5.612  -0.24366825   3.34646618
5.642  -0.25703776   3.32454298
5.672  -0.27040727   3.30261978
5.702  -0.28377678   3.28069658
5.731  -0.29672811   3.25887053
5.761  -0.30150241   3.23894399
5.791  -0.30627670   3.21901745
5.821  -0.31105100   3.19909092
5.851  -0.31575374   3.17919156
5.881  -0.31882225   3.15991307
5.911  -0.32189076   3.14063457
5.941  -0.32495926   3.12135608
5.971  -0.32802777   3.10207758
6.001  -0.33387548   3.07609902
6.031  -0.34090666   3.04726733
6.061  -0.34793785   3.01843564
6.091  -0.35496903   2.98960395
6.121  -0.35261070   2.96879583
6.151  -0.34612480   2.95151482
6.181  -0.33963889   2.93423381
6.211  -0.33315299   2.91695281
6.241  -0.32946417   2.89565421
6.271  -0.32704426   2.87253304
6.301  -0.32462434   2.84941188
6.330  -0.32220442   2.82629071
6.360  -0.31951533   2.80246219
6.390  -0.31632042   2.77730440
6.420  -0.31312551   2.75214660
6.450  -0.30993061   2.72698881
6.480  -0.30909673   2.70124092
6.510  -0.31283354   2.67435068
6.540  -0.31657034   2.64746045
6.570  -0.32030715   2.62057022
6.600  -0.32404383   2.59367984